10,142
10,150
10,185
10,165
10,152
10,64
10,179
10,129
9,7
9,3
8,12
8,6
82,3
82,2
82,1
82,0
50,4
50,3
50,2
50,1
50,0
49,4
49,3
49,2
49,1
49,0
48,4
48,3
48,2
48,1
48,0
46,5
46,4
46,3
46,2
46,1
46,0
43,5
43,4
43,3
43,2
43,1
43,0
41,5
41,4
41,3
41,2
41,1
41,0
39,3
39,1
37,4
37,3
37,2
37,1
32,4
32,3
32,1
29,3
29,1
20,3
20,2
20,1
19,3
19,2
19,1
12,3
12,2
12,1
11,28
11,27
11,26
11,25
11,24
11,23
11,22
11,21
11,20
11,19
11,18
11,17
11,16
11,15
11,14
11,13
11,12
11,11
11,10
11,9
11,8
11,7
11,6
11,5
11,4
11,3
11,2
11,1
10,296
10,293
18,1
10,277
10,208
18,3
10,202
10,162
10,127
